75
193
75
193
75
193
75
193
75
193
75
193
75
193
75
193
75
193
75
193
75
193
75
193
75
193
75
193
75
193
75
193
75
193
75
193
75
193
75
193
75
193
75
193
75
193
75
193
75
193
75
193
75
193
75
193
75
193
75
193
76
193
76
193
76
193
76
193
76
193
76
193
76
193
76
193
76
193
76
193
76
193
77
193
77
193
77
193
77
193
77
193
77
193
77
193
77
193
77
193
77
193
77
193
77
193
77
193
78
193
78
193
78
193
78
193
78
193
78
193
79
193
79
193
79
193
79
193
79
193
79
193
79
193
80
192
81
191
81
191
81
191
81
191
81
191
82
190
83
189
84
188
84
188
84
188
84
188
84
188
84
188
85
187
86
186
87
185
88
183
89
182
90
181
91
179
92
178
93
177
94
175
94
175
94
175
94
175
95
175
96
174
97
173
98
172
99
171
100
170
101
169
102
168
103
168
104
167
105
166
106
165
107
164
108
163
109
162
110
161
111
161
112
160
113
159
114
158
115
157
116
156
117
155
118
154
119
153
119
153
119
153
119
153
120
153
121
152
122
151
123
150
124
150
125
149
126
148
127
147
128
146
129
146
130
145
131
144
132
143
133
143
134
142
135
141
136
140
137
139
138
139
139
138
140
137
141
136
142
135
142
135
142
135
143
135
144
134
145
133
146
133
147
132
148
131
149
131
150
130
151
129
152
129
153
128
154
127
155
127
156
126
157
125
158
124
158
124
158
124
159
124
160
124
161
123
162
123
163
122
164
122
165
121
166
121
167
120
168
120
169
120
170
119
171
119
172
118
173
118
174
117
175
117
176
116
177
116
178
115
178
115
179
115
180
115
181
115
182
114
183
114
184
114
185
113
186
113
187
113
188
112
189
112
190
112
191
112
192
111
193
111
194
111
195
110
196
110
197
110
198
109
199
109
200
109
201
108
201
108
202
108
203
108
204
108
205
108
206
108
207
107
208
107
209
107
210
107
211
107
212
107
213
106
213
106
213
106
214
106
215
106
216
106
217
106
218
105
219
105
220
105
221
105
222
104
222
104
223
104
224
104
225
104
226
104
227
104
228
104
229
103
229
103
230
103
231
103
232
103
233
103
234
103
235
103
236
103
236
103
237
103
238
103
239
103
240
103
241
103
242
103
243
103
244
103
245
103
246
103
246
103
247
103
248
103
249
103
250
103
251
103
252
103
253
103
254
103
255
103
256
103
257
103
258
103
259
103
260
103
261
103
262
103
263
103
263
103
264
103
265
103
266
103
267
103
268
103
269
103
270
103
271
103
272
103
273
103
274
103
275
103
276
103
277
103
277
103
278
103
279
103
280
103
281
103
282
103
283
103
284
103
285
103
285
103
286
103
287
103
288
103
289
103
290
103
291
103
292
103
293
103
293
103
294
103
295
103
296
103
297
103
298
104
-
303
105
313
109
313
109
313
109
314
109
315
109
316
110
317
110
318
111
319
111
320
112
321
112
322
113
323
113
324
114
324
114
325
115
326
116
327
117
328
118
329
119
330
120
331
121
332
122
333
123
334
124
335
125
336
126
336
126
337
128
338
130
339
132
340
134
341
137
342
139
343
141
344
143
345
145
346
148
347
150
348
152
349
154
350
156
350
156
351
158
352
160
353
162
354
164
355
166
356
168
357
170
358
172
359
174
360
177
360
177
361
178
362
179
363
180
364
181
365
183
366
184
367
185
368
186
369
187
369
187
370
188
371
189
372
190
373
191
374
192
375
193
376
194
377
196
377
196
378
196
379
197
380
197
381
198
382
199
383
199
384
200
384
200
385
200
386
201
387
202
388
202
389
203
390
204
390
204
391
204
392
205
393
206
394
206
395
207
396
208
397
209
397
209
398
210
399
211
400
212
401
214
402
215
403
216
403
216
404
217
405
219
406
220
407
222
408
224
409
225
410
227
411
228
412
230
412
230
413
231
414
232
415
234
416
235
417
237
418
238
419
239
420
241
421
242
421
242
422
242
423
243
424
244
425
245
426
246
427
247
428
248
429
249
430
250
431
251
432
252
433
253
434
254
435
255
435
255
436
255
437
256
438
257
439
257
440
258
441
259
442
259
443
260
444
261
445
261
446
262
447
263
447
263
448
263
449
264
450
264
451
265
452
265
453
266
454
266
455
267
456
267
457
268
457
268
458
268
459
269
460
270
461
271
462
272
462
272
463
273
463
273
464
273
465
274
465
274
466
274
466
274
467
274
468
275
469
275
470
276
471
276
472
277
473
278
473
278
474
278
475
279
476
280
477
281
478
282
479
283
480
284
481
285
482
286
483
287
484
288
485
289
486
290
486
290
487
290
488
291
489
292
490
292
491
293
492
294
493
294
494
295
495
296
496
296
497
297
498
298
499
298
500
299
501
300
502
301
503
301
504
302
505
303
506
303
507
304
508
305
509
305
510
306
511
307
512
307
513
308
514
309
514
309
515
309
516
310
517
310
518
311
519
311
520
312
521
313
522
313
523
314
524
314
525
315
526
316
527
316
528
317
529
317
530
318
531
319
532
319
533
320
534
320
535
321
535
321
536
321
537
322
538
322
539
323
540
323
541
324
542
324
543
325
544
325
545
326
546
326
546
326
547
326
548
327
549
327
550
328
551
328
552
329
552
329
553
329
554
329
555
329
556
329
556
329
557
329
557
329
558
329
558
329
559
326
560
323
561
320
562
317
563
313
564
310
565
307
566
304
567
301
567
301
568
299
569
296
570
294
571
291
572
289
573
286
574
284
575
281
576
279
577
276
578
274
578
274
579
273
580
271
581
269
582
267
583
265
584
263
585
261
586
260
587
258
588
256
589
254
590
252
591
250
591
250
592
248
593
246
594
244
595
242
596
239
597
237
598
235
599
233
600
231
601
228
602
226
603
224
604
222
604
222
605
220
606
218
607
216
608
214
609
212
610
210
611
208
612
206
612
206
613
204
614
201
615
199
616
196
616
196
617
193
618
190
618
190
619
186
620
182
621
178
621
178
622
170
622
170
623
162
624
144
624
133
624
133
624
133
624
133
624
133
624
133
-
-
0
