113
211
113
211
113
211
113
211
113
211
113
209
113
209
113
209
113
209
113
209
113
209
113
209
113
206
113
206
113
206
113
206
113
206
113
206
113
204
113
204
113
204
113
204
113
204
113
201
113
201
113
201
113
201
113
201
113
201
113
198
113
198
113
198
113
198
113
195
113
195
113
195
113
195
113
195
113
195
113
192
113
192
113
192
113
192
113
192
113
192
113
189
113
189
113
189
113
189
113
189
113
189
113
186
113
186
113
186
113
186
113
186
114
184
115
182
115
182
116
180
117
178
117
178
117
178
118
177
119
176
120
175
121
173
122
172
123
171
124
169
124
169
124
169
125
168
126
167
127
166
128
165
129
164
130
163
131
162
132
161
133
159
133
159
133
159
134
158
135
157
136
156
137
155
138
154
139
153
140
152
140
152
140
152
141
152
142
151
143
150
144
149
145
148
146
147
147
146
148
145
148
145
148
145
149
145
150
145
151
144
152
144
153
143
154
143
155
143
156
142
157
142
158
141
158
141
159
141
160
141
161
140
162
140
163
139
164
139
165
138
166
138
167
138
168
137
169
137
170
136
171
136
172
135
172
135
172
135
173
135
174
135
175
135
176
134
177
134
178
134
179
134
180
133
181
133
182
133
183
133
183
133
184
133
185
133
186
133
187
133
188
132
189
132
190
132
191
132
191
132
192
132
193
132
194
132
195
132
196
132
197
132
198
131
198
131
199
131
200
131
201
131
202
131
202
131
203
131
204
131
205
131
206
131
206
131
207
131
208
131
209
131
210
131
211
131
212
131
213
131
214
132
215
132
216
132
217
132
218
132
219
132
220
132
220
132
221
132
222
132
223
132
224
133
225
133
226
133
227
133
228
134
229
134
230
134
231
134
232
135
232
135
233
135
234
135
235
136
236
136
237
136
238
137
239
137
240
137
241
138
241
138
242
138
243
138
244
139
245
139
246
139
247
140
248
140
248
140
249
141
250
142
251
143
252
144
253
145
253
145
254
145
255
146
256
146
257
147
257
147
258
148
259
150
260
152
260
152
261
153
262
155
263
157
264
159
265
161
265
161
266
162
267
164
268
165
269
167
270
168
271
170
272
171
272
171
273
172
274
173
275
174
276
175
277
176
278
177
279
178
280
179
281
181
281
181
282
181
283
182
284
183
285
183
286
184
287
185
288
185
289
186
290
187
290
187
291
187
292
188
293
189
294
190
295
190
296
191
297
192
-
304
196
308
199
308
199
309
199
310
199
311
200
312
200
313
201
313
201
314
202
315
203
316
204
317
205
317
205
318
206
319
207
320
208
321
209
321
209
322
210
323
211
324
212
325
214
326
215
327
216
328
217
328
217
329
217
330
218
331
219
332
219
333
220
334
221
335
222
336
222
337
223
338
224
339
225
339
225
340
225
341
226
342
226
343
227
344
227
345
228
346
228
347
229
348
229
348
229
349
229
350
229
351
230
352
230
353
231
354
231
355
232
356
232
357
233
357
233
358
233
359
233
360
233
361
233
362
233
362
233
363
233
364
233
365
233
366
234
366
234
367
234
368
234
368
234
369
234
370
234
371
233
372
233
373
233
373
233
374
233
375
232
376
232
377
231
378
231
379
230
380
230
381
229
382
228
382
228
383
228
384
228
385
227
386
227
387
226
388
226
389
226
390
225
391
225
392
224
393
224
393
224
394
224
395
224
396
224
397
224
398
223
399
223
400
223
401
223
402
222
403
222
404
222
405
222
406
222
407
221
408
221
409
221
410
221
410
221
411
221
412
221
413
220
414
220
415
219
416
219
417
218
418
218
419
218
420
217
421
217
422
216
423
216
423
216
424
216
425
216
426
215
427
215
428
214
429
214
430
213
431
213
431
213
432
213
433
213
434
212
435
212
436
211
437
211
438
210
439
210
440
209
440
209
441
209
442
209
443
208
444
208
445
207
446
207
447
207
448
206
449
206
449
206
450
206
451
206
452
205
453
205
454
205
455
204
456
204
457
204
458
203
459
203
460
203
461
202
462
202
463
202
463
202
464
202
465
202
466
201
467
201
468
201
469
200
470
200
471
200
472
199
473
199
474
199
475
198
476
198
476
198
477
198
478
197
479
197
480
196
481
196
482
195
483
195
484
194
485
194
486
193
487
193
488
192
488
192
489
192
490
191
491
190
492
189
493
188
494
187
495
186
496
185
496
185
497
184
498
183
499
182
500
181
501
180
502
179
503
178
504
177
505
175
506
174
507
173
508
172
509
171
510
170
511
169
512
168
512
168
513
167
514
165
515
164
516
162
517
161
518
159
519
158
519
158
520
157
521
156
522
155
523
154
524
153
525
152
526
151
527
150
528
149
528
149
529
148
530
147
531
146
532
145
533
143
534
142
535
141
536
140
536
140
537
139
538
137
539
136
540
134
541
132
542
131
543
129
544
127
544
127
545
125
546
122
547
119
547
119
548
117
549
114
550
112
550
112
551
111
552
109
-
-
0
