58
230
58
230
58
230
58
230
58
230
58
230
58
230
58
230
58
230
58
230
58
230
58
230
58
230
58
230
58
230
58
230
58
230
58
230
58
230
58
230
58
230
58
230
58
230
58
230
58
230
58
230
58
230
58
230
58
230
58
230
58
230
58
230
58
230
58
230
58
230
58
230
58
230
58
230
58
230
58
230
58
230
58
230
58
229
58
229
58
229
58
229
58
229
58
229
58
229
58
229
58
229
59
225
59
225
59
225
59
225
59
225
59
225
59
225
59
225
60
221
61
216
61
216
61
216
61
216
61
216
61
216
61
216
61
216
62
214
63
211
64
208
65
205
65
205
65
205
65
205
65
205
65
205
65
205
66
204
67
202
68
200
69
198
70
197
71
195
72
193
73
191
73
191
73
191
73
191
73
191
73
191
73
191
74
190
75
188
76
187
77
185
78
184
79
182
80
181
81
179
82
178
83
176
84
174
84
174
84
174
84
174
84
174
85
173
86
171
87
170
88
168
89
166
90
165
91
163
92
162
93
160
94
158
95
157
96
155
97
154
98
152
99
150
99
150
100
149
101
148
102
147
103
146
104
145
105
144
106
143
107
142
108
141
109
140
110
138
111
137
112
136
113
135
114
134
115
133
116
132
117
131
118
130
119
129
120
127
120
127
120
127
121
127
122
126
123
125
124
124
125
124
126
123
127
122
128
121
129
121
130
120
131
119
132
118
133
118
134
117
135
116
136
115
137
115
138
114
139
113
140
112
140
112
140
112
140
112
141
112
142
111
143
111
144
110
145
109
146
109
147
108
148
107
149
107
150
106
151
105
152
105
153
104
154
103
154
103
154
103
154
103
155
103
156
102
157
102
158
101
159
101
160
100
161
100
162
99
162
99
162
99
162
99
163
99
164
99
165
98
166
98
167
97
168
97
169
96
169
96
169
96
170
96
171
96
172
96
173
96
174
95
175
95
176
95
177
95
178
95
179
94
179
94
179
94
180
94
181
94
182
94
183
94
184
94
185
94
186
94
187
94
188
94
189
94
190
94
191
94
192
94
192
94
193
94
194
94
195
94
196
94
197
94
198
94
199
94
200
94
201
94
202
94
203
94
204
94
205
94
206
94
207
94
208
94
208
94
209
94
210
94
211
94
212
94
213
94
214
94
215
94
216
94
217
94
218
94
219
94
220
95
220
95
221
95
222
95
223
96
224
96
225
96
226
97
227
97
228
97
229
98
230
98
231
99
231
99
231
99
232
99
233
100
234
100
235
101
236
101
237
102
238
102
239
103
240
103
241
104
242
104
243
105
244
106
244
106
245
106
246
107
247
108
248
108
249
109
250
110
251
111
252
111
253
112
254
113
255
114
256
114
257
115
258
116
259
116
260
117
261
118
262
119
263
119
264
120
265
121
265
121
266
122
267
123
268
124
269
125
270
126
271
127
272
128
273
129
274
130
275
131
276
132
277
133
278
134
279
135
280
136
281
138
281
138
282
139
283
140
284
141
285
142
286
143
287
144
288
145
289
146
290
147
291
148
292
150
292
150
-
302
159
302
159
302
159
303
160
304
161
305
162
306
164
307
165
308
166
309
167
310
169
310
169
311
170
312
171
313
173
314
174
315
175
316
177
317
178
318
179
319
181
320
182
321
183
322
185
323
186
324
188
324
188
325
189
326
190
327
191
328
192
329
193
330
195
331
196
332
197
333
198
334
199
335
200
336
202
337
203
338
204
339
205
340
206
340
206
341
207
342
208
343
209
344
210
345
211
346
212
347
213
348
215
349
216
350
217
351
218
352
219
353
220
354
221
355
222
355
222
356
223
357
224
358
226
359
227
360
228
361
230
362
231
363
232
364
234
364
234
365
235
366
236
367
237
368
238
369
239
369
239
370
240
371
242
372
243
373
245
374
246
374
246
375
248
376
250
377
252
377
252
378
255
379
258
380
261
380
261
381
264
382
267
382
267
383
271
384
277
384
277
384
277
384
277
384
277
384
277
384
277
384
277
384
277
384
277
384
277
384
277
384
277
384
277
384
277
384
277
384
277
384
277
384
277
384
277
385
277
385
277
386
277
387
277
388
277
389
277
390
277
391
277
392
277
392
277
393
277
394
277
395
277
396
277
397
276
398
276
399
276
400
276
401
276
402
275
402
275
403
275
404
275
405
275
406
275
407
274
408
274
409
274
410
274
411
274
412
273
413
273
414
273
415
273
416
272
417
272
418
272
419
272
420
272
421
271
422
271
423
271
424
271
425
270
425
270
426
270
427
270
428
270
429
270
430
270
431
269
432
269
433
269
434
269
435
269
436
268
437
268
438
268
439
268
440
268
441
268
442
267
443
267
444
267
445
267
446
267
447
266
448
266
449
266
450
266
451
266
451
266
452
266
453
266
454
266
455
265
456
265
457
265
458
264
459
264
460
264
461
263
462
263
463
263
464
263
465
262
466
262
467
262
468
261
469
261
470
261
470
261
471
261
472
261
473
261
474
261
475
260
476
260
477
260
478
260
479
260
480
259
481
259
482
259
483
259
484
259
485
258
486
258
487
258
488
258
489
258
490
257
491
257
492
257
493
257
494
257
495
256
496
256
497
256
498
256
499
256
500
255
501
255
502
255
503
255
504
255
505
254
506
254
507
254
508
254
509
254
510
253
511
253
512
253
513
253
514
253
514
253
515
253
516
253
517
252
518
252
519
252
520
251
521
251
522
251
523
250
524
250
525
250
525
250
526
250
527
250
528
250
529
249
530
249
531
249
532
249
532
249
533
248
534
247
534
247
535
245
536
243
537
241
537
241
538
239
539
237
540
234
541
232
541
232
542
229
543
226
544
223
545
220
545
220
546
218
547
216
548
213
549
211
550
209
551
206
552
204
553
202
-
-
0
