61
178
61
178
61
178
61
178
61
178
61
178
61
178
61
178
61
178
61
178
61
178
61
178
61
178
61
178
61
178
61
178
61
178
61
178
61
178
61
178
61
178
61
178
61
178
61
178
61
178
62
178
62
178
62
178
62
178
62
178
62
178
63
177
63
177
63
177
63
177
63
177
63
177
64
176
65
175
65
175
66
175
67
174
68
173
68
173
68
173
69
173
70
172
71
172
72
171
73
170
74
170
75
169
76
169
77
168
78
167
79
167
80
166
81
166
82
165
83
164
83
164
83
164
83
164
84
164
85
163
86
162
87
162
88
161
89
160
90
160
91
159
92
158
93
158
94
157
95
156
96
156
97
155
98
154
99
154
100
153
101
152
102
152
103
151
104
150
105
150
106
149
107
148
108
148
109
147
110
146
110
146
110
146
111
146
112
145
113
144
114
144
115
143
116
142
117
141
118
141
119
140
120
139
121
138
122
138
123
137
124
136
125
136
126
135
127
134
128
133
129
133
130
132
131
131
132
130
132
130
132
130
133
130
134
130
135
129
136
129
137
129
138
128
139
128
140
127
141
127
142
127
143
126
144
126
145
125
146
125
147
125
148
124
149
124
150
124
151
123
152
123
153
122
154
122
155
122
156
121
157
121
158
120
159
120
160
120
161
119
162
119
163
119
164
118
165
118
166
117
167
117
168
117
169
116
170
116
170
116
171
116
172
116
173
116
174
116
175
115
176
115
177
115
178
115
179
114
180
114
181
114
182
114
183
114
184
113
185
113
186
113
187
113
188
112
189
112
190
112
191
112
192
111
193
111
194
111
195
111
196
111
197
110
198
110
199
110
200
110
201
109
202
109
203
109
204
109
204
109
205
109
206
109
207
109
208
109
209
109
210
108
211
108
212
108
213
108
214
108
215
108
216
107
217
107
218
107
219
107
220
107
221
106
222
106
223
106
224
106
225
106
226
106
227
105
228
105
229
105
230
105
231
105
231
105
232
105
233
105
234
105
235
105
236
105
237
105
238
105
239
105
240
105
241
105
242
105
243
105
244
104
245
104
246
104
247
104
248
104
249
104
250
104
251
104
252
104
253
104
254
104
255
104
256
104
257
103
258
103
259
103
260
103
261
103
262
103
263
103
264
103
265
103
266
103
267
103
268
103
269
103
269
103
270
103
271
103
272
103
273
103
274
103
275
103
276
103
277
103
278
103
279
103
280
103
281
103
282
103
283
103
284
103
285
103
286
103
287
103
288
103
289
103
290
103
291
103
292
103
293
103
294
103
295
103
296
103
297
102
-
328
102
352
106
352
106
353
106
354
107
355
108
356
108
357
109
358
110
359
110
360
111
361
112
362
112
363
113
364
114
365
114
366
115
367
116
368
116
369
117
370
118
371
118
372
119
373
120
374
120
375
121
376
122
377
122
378
123
379
124
380
124
381
125
382
126
383
126
384
127
385
128
386
128
387
129
388
130
389
130
390
131
391
132
392
132
393
133
394
134
395
134
396
135
397
136
398
136
399
137
400
138
400
138
401
139
402
140
403
141
404
142
405
143
406
144
407
145
408
146
408
146
409
146
410
147
411
147
412
148
413
149
414
149
415
150
416
150
417
151
417
151
418
151
419
152
420
152
421
153
422
153
423
154
424
154
424
154
425
154
426
155
427
155
428
156
429
156
430
157
431
157
432
158
433
158
434
159
435
159
436
160
436
160
437
160
438
161
439
162
440
162
441
163
441
163
442
163
443
164
444
165
445
166
445
166
446
166
447
167
448
168
449
169
450
170
450
170
450
170
450
170
450
170
450
170
450
170
450
170
450
170
450
170
450
170
450
170
451
171
451
171
452
171
453
171
454
171
455
172
456
172
457
172
458
173
459
173
460
173
461
174
461
174
462
174
463
174
464
175
465
175
466
175
467
176
468
176
469
176
470
177
471
177
472
177
473
178
474
178
475
178
476
179
477
179
477
179
478
179
479
179
480
179
481
179
482
180
483
180
484
180
485
180
486
180
487
181
488
181
489
181
490
181
491
181
492
182
493
182
494
182
495
182
496
182
496
182
497
182
498
182
499
182
500
182
501
183
502
183
503
183
504
183
505
183
506
184
507
184
508
184
509
184
510
184
511
185
512
185
513
185
514
185
515
185
516
186
517
186
518
186
519
186
520
186
521
187
522
187
523
187
524
187
525
187
526
188
527
188
528
188
529
188
530
188
530
188
531
188
532
188
533
188
534
188
535
188
536
188
537
188
538
189
539
189
540
189
541
189
542
189
543
189
544
189
545
190
546
190
547
190
548
190
549
190
550
190
551
190
552
191
553
191
554
191
555
191
556
191
557
191
558
191
558
191
559
191
560
191
561
191
562
191
563
191
564
191
565
191
566
191
567
191
568
191
569
191
570
191
571
191
572
191
573
191
574
191
575
191
576
191
577
191
578
191
579
191
580
191
581
191
581
191
582
191
583
191
584
191
585
191
586
191
587
191
588
191
588
191
589
190
590
189
591
188
592
187
593
186
594
185
595
184
595
184
596
183
597
181
598
180
599
178
600
177
601
175
-
-
0
