79
220
79
220
79
220
79
220
79
220
79
220
79
218
79
218
79
218
79
218
79
218
79
216
79
216
79
216
79
216
79
216
79
216
79
216
79
216
79
216
79
214
79
214
79
214
79
214
79
214
79
214
79
214
79
214
79
214
79
212
79
212
79
212
79
212
79
212
79
212
79
212
79
212
79
212
79
212
79
212
79
210
79
210
79
210
79
210
79
210
79
210
79
210
79
210
79
210
79
210
80
205
80
205
80
205
80
205
80
205
80
205
80
205
80
205
80
205
81
201
82
197
82
197
82
197
82
197
82
197
82
197
82
197
82
197
83
195
84
193
85
190
86
188
87
185
87
185
87
185
87
185
87
185
87
185
87
185
88
183
89
181
90
179
91
177
92
175
93
173
94
170
94
170
94
170
94
170
94
170
94
170
95
169
96
167
97
166
98
164
99
163
100
161
101
159
101
159
101
159
101
159
101
159
101
159
102
158
103
156
104
154
105
153
106
151
107
149
107
149
107
149
107
149
108
149
109
148
110
147
111
146
112
145
113
144
114
143
115
142
116
141
117
140
118
139
119
138
120
137
120
137
120
137
120
137
121
137
122
136
123
135
124
134
125
133
126
132
127
131
128
131
129
130
130
129
131
128
132
127
133
126
134
125
134
125
135
125
136
124
137
124
138
123
139
123
140
122
141
121
142
121
143
120
144
120
145
119
146
119
147
118
148
117
148
117
148
117
149
117
150
116
151
116
152
115
153
115
154
114
155
114
156
113
157
113
158
112
159
111
159
111
159
111
159
111
160
111
161
111
162
111
163
111
164
111
165
111
166
111
167
111
168
110
169
110
170
110
171
110
172
110
173
110
174
110
175
110
176
109
176
109
176
109
176
109
177
109
178
109
179
109
180
109
181
109
182
109
183
108
184
108
185
108
186
108
187
108
188
108
189
108
190
107
191
107
192
107
193
107
194
107
195
107
196
107
197
106
198
106
199
106
200
106
201
106
202
106
203
106
204
105
204
105
205
105
206
105
207
105
208
105
209
105
210
105
211
105
212
105
213
105
214
105
215
105
216
105
217
105
218
105
219
105
220
105
220
105
221
105
222
105
223
105
224
105
225
105
226
105
227
105
228
105
229
105
230
105
231
105
232
105
233
105
234
105
235
105
236
104
236
104
237
104
238
104
239
104
240
104
241
104
242
104
243
104
244
104
245
104
246
104
247
104
248
104
249
104
250
104
250
104
250
104
251
104
252
104
253
104
254
105
255
105
256
105
257
105
258
106
259
106
260
106
261
106
262
107
263
107
264
107
265
107
266
108
266
108
266
108
267
108
268
109
269
110
270
111
271
111
272
112
273
113
274
114
275
114
276
115
277
116
278
117
279
117
280
118
281
119
282
120
283
121
283
121
283
121
284
122
285
123
286
124
287
125
288
126
289
127
290
128
291
129
292
131
292
131
293
132
294
133
295
134
296
135
297
136
298
137
299
138
300
140
-
306
147
306
147
306
147
307
148
308
149
309
150
310
151
311
152
312
153
312
153
313
153
314
154
315
155
316
155
317
156
318
157
319
157
320
158
321
159
322
160
322
160
322
160
323
160
324
161
325
161
326
162
327
162
328
163
329
163
330
164
331
164
332
165
333
165
334
166
335
166
336
167
337
168
337
168
338
168
339
169
340
170
341
171
342
172
343
173
344
174
345
175
346
175
347
176
348
177
349
178
350
179
351
180
352
181
353
182
354
183
354
183
355
184
356
185
357
186
358
187
359
188
360
189
361
190
362
191
363
192
364
193
364
193
365
194
366
195
367
196
368
197
369
198
370
199
371
200
372
201
373
202
374
203
374
203
375
203
376
204
377
204
378
205
379
205
380
206
381
206
382
207
383
207
384
208
384
208
385
208
386
208
387
208
388
209
389
209
390
209
391
209
392
210
393
210
394
210
395
210
396
211
397
211
398
211
398
211
399
211
400
211
401
211
402
211
403
212
404
212
405
212
406
212
407
213
408
213
409
213
410
213
410
213
411
213
412
213
413
213
414
213
415
213
416
214
417
214
418
214
419
214
420
214
421
214
421
214
422
214
423
214
424
214
425
214
426
214
427
214
428
214
429
214
430
214
430
214
431
214
432
214
433
214
434
214
435
214
436
215
437
215
438
215
439
215
440
215
441
216
441
216
442
216
443
216
444
216
445
216
446
216
447
216
448
216
449
216
450
216
451
216
452
216
453
216
454
216
455
216
456
216
457
216
458
216
458
216
459
216
460
216
461
216
462
216
463
216
464
216
465
216
466
216
467
216
468
216
469
216
470
216
471
216
472
216
473
216
474
216
475
216
475
216
476
216
477
216
478
216
479
216
480
216
481
216
482
216
483
216
484
216
485
216
486
216
487
216
488
216
489
216
490
216
491
216
492
216
493
216
494
216
495
216
496
216
497
216
498
216
498
216
499
216
500
216
501
216
502
216
503
216
504
216
505
216
506
216
507
216
508
216
509
216
509
216
510
216
511
216
512
216
513
216
514
216
515
216
516
216
517
216
518
216
519
216
520
216
521
216
521
216
522
216
523
216
524
216
525
216
526
216
527
216
528
216
529
216
530
216
531
216
532
216
532
216
533
216
534
216
535
215
536
215
537
215
538
214
539
214
540
214
-
-
0
