3
227
3
227
3
227
3
227
3
227
3
227
4
227
4
227
4
227
4
227
4
227
4
227
4
227
4
227
4
227
4
227
4
227
4
227
4
227
4
227
4
227
4
227
4
227
4
227
5
227
5
227
5
227
5
227
5
227
5
227
5
227
5
227
5
227
5
227
5
227
5
227
5
227
6
227
6
227
6
227
6
227
6
227
6
226
6
226
6
226
6
226
6
226
6
226
7
226
7
226
7
226
7
226
7
226
8
225
8
225
8
225
8
225
9
224
9
224
9
224
9
224
10
223
10
223
10
223
11
222
11
222
11
222
11
222
11
222
12
221
12
221
12
221
12
221
13
220
14
218
15
216
15
216
16
215
17
214
18
213
19
212
20
211
21
210
22
209
22
209
23
208
24
207
25
206
26
205
27
203
28
202
29
201
30
200
31
199
32
197
32
197
32
197
32
197
33
197
34
196
35
195
36
194
37
193
38
192
39
192
40
191
41
190
42
189
43
188
44
187
44
187
45
187
46
186
47
186
48
185
49
184
50
184
51
183
52
182
53
182
54
181
55
181
56
180
57
179
58
179
59
178
60
177
61
177
62
176
63
176
64
175
65
174
66
174
67
173
68
172
68
172
69
172
70
171
71
170
72
169
73
168
74
168
75
167
76
166
77
165
78
164
79
163
80
163
81
162
82
161
83
160
84
159
85
158
86
158
87
157
88
156
89
155
90
154
90
154
91
153
92
152
93
151
94
150
95
149
96
148
97
147
98
146
99
145
100
144
101
143
102
142
103
141
104
140
105
139
106
138
107
137
108
136
108
136
109
136
110
136
111
136
112
136
113
135
114
135
115
135
116
135
117
134
118
134
119
134
120
134
121
134
122
133
123
133
124
133
125
133
126
132
127
132
128
132
129
132
130
132
131
131
132
131
133
131
134
131
135
130
136
130
137
130
138
130
139
130
140
129
141
129
142
129
143
129
144
128
145
128
146
128
147
128
148
128
149
127
150
127
151
127
152
127
153
126
154
126
155
126
156
126
157
126
158
125
159
125
160
125
161
125
162
124
163
124
164
124
165
124
166
124
167
123
168
123
169
123
170
123
171
122
172
122
173
122
174
122
175
122
176
121
177
121
178
121
179
121
180
120
181
120
182
120
183
120
184
120
185
119
186
119
187
119
188
119
189
118
190
118
191
118
192
118
193
118
194
117
195
117
196
117
197
117
197
117
198
117
199
117
200
117
201
117
202
117
203
117
204
118
205
118
206
118
207
118
208
118
209
118
210
119
211
119
212
119
213
119
214
119
215
119
216
120
216
120
217
120
218
120
219
121
220
121
221
121
222
122
223
122
224
122
225
123
226
123
227
123
228
124
229
124
230
124
230
124
231
124
232
125
233
125
234
126
235
127
236
127
237
128
238
128
239
129
240
130
241
130
242
131
243
131
244
132
245
133
246
133
247
134
248
134
249
135
250
136
250
136
251
136
252
136
253
137
254
137
255
138
256
138
257
139
258
139
259
140
260
140
260
140
261
140
262
140
263
141
264
141
265
142
266
142
267
143
268
143
269
144
270
144
271
144
272
145
273
145
274
146
275
146
276
147
277
147
278
148
279
148
279
148
280
148
281
148
282
149
283
149
284
150
285
150
286
151
287
151
288
152
289
152
290
153
291
153
292
154
293
154
-
307
162
329
177
329
177
330
177
331
178
332
179
333
179
334
180
335
181
336
181
337
182
338
183
339
183
340
184
341
185
342
185
343
186
343
186
344
186
345
187
346
188
347
189
348
190
349
191
350
192
351
192
352
193
353
194
354
195
355
196
356
197
357
198
357
198
358
198
359
199
360
200
361
200
362
201
363
202
364
202
365
203
366
204
367
204
368
205
368
205
369
205
370
206
371
206
372
207
373
208
374
208
375
209
376
210
377
210
378
211
378
211
379
211
380
211
381
212
382
212
383
212
384
213
385
213
386
213
387
214
388
214
389
214
390
215
390
215
391
215
392
215
393
215
394
216
395
216
396
216
397
216
398
217
399
217
400
217
401
217
402
218
403
218
404
218
405
218
406
219
407
219
408
219
409
219
409
219
410
219
411
219
412
219
413
219
414
220
415
220
416
220
417
220
418
220
419
221
420
221
421
221
422
221
423
221
424
222
425
222
426
222
427
222
427
222
428
222
429
222
430
222
431
222
432
222
433
222
434
223
435
223
436
223
437
223
438
223
439
223
440
224
441
224
442
224
443
224
444
224
445
224
446
224
447
225
448
225
449
225
450
225
451
225
452
225
453
226
453
226
454
226
455
226
456
226
457
226
458
226
459
226
460
226
461
226
462
226
463
226
464
226
465
226
466
226
467
226
468
226
469
227
470
227
471
227
472
227
473
227
474
227
475
227
476
227
477
227
478
227
479
227
480
227
481
227
482
227
483
227
484
227
484
227
485
227
486
227
487
227
488
227
489
227
490
227
491
227
492
227
493
227
494
227
495
227
496
227
497
227
498
227
499
227
500
227
500
227
501
227
502
226
503
225
504
225
505
224
506
223
507
223
508
222
508
222
509
222
510
221
511
220
512
219
513
218
514
217
514
217
515
216
516
214
517
213
518
211
518
211
519
210
520
208
521
207
522
205
523
203
523
203
523
203
-
-
0
